HY10_0 [1.3199070692062378, 0.02193724922835827, -1.5521094799041748] 0
32_2 [1.155242919921875, 2.24664044380188, -5.060107231140137] 0
75_3 [1.3574702739715576, 0.4250057637691498, -2.255110502243042] 0
14_2 [1.0683633089065552, -1.438923954963684, -1.2246025800704956] 2
HY29_2 [0.3847983181476593, 1.8235419988632202, -3.273719072341919] 0
10_2 [-3.636364459991455, -2.328653335571289, 5.003602504730225] 2
7_0 [-4.423511028289795, 2.21921443939209, 0.8021393418312073] 1
14_4 [-0.3474253714084625, -0.834345817565918, -0.6748155951499939] 2
52_4 [-3.6232123374938965, 0.19092963635921478, 2.8613359928131104] 1
63_0 [-5.963262557983398, -1.0448296070098877, 6.55279016494751] 2
71_2 [-3.5941364765167236, 0.3385772705078125, 2.3339192867279053] 1
10_3 [-0.5374712347984314, -1.4601266384124756, 1.9829829931259155] 2
HY39_5 [2.4096791744232178, -1.3663517236709595, -1.7610610723495483] 0
39_4 [-0.9020757675170898, -1.7666456699371338, 1.6097851991653442] 2
HY32_5 [2.0412285327911377, -2.531358480453491, -0.29576608538627625] 0
HY29_0 [1.7035905122756958, 1.497336745262146, -4.288806438446045] 0
14_0 [-0.8178374767303467, 0.3324985206127167, -0.8628733158111572] 2
7_1 [-5.2488908767700195, 2.2470128536224365, 1.5309154987335205] 1
14_5 [-0.004784556105732918, -0.2956094741821289, -1.774827480316162] 2
32_1 [0.8202935457229614, 1.9405206441879272, -4.329556465148926] 0
64_5 [-12.725610733032227, 0.21025127172470093, 10.51030158996582] 2
6_5 [0.027284136041998863, -0.3438829779624939, -0.9839146137237549] 1
14_3 [0.05945075303316116, -0.3026081919670105, -1.764607548713684] 2
69_2 [-11.449976921081543, 1.3256216049194336, 8.179866790771484] 2
71_4 [-3.9795055389404297, 0.5066694021224976, 2.588552236557007] 1
69_5 [-7.168079376220703, -0.639336347579956, 6.51141357421875] 2
52_3 [-3.1347434520721436, 0.257468581199646, 1.940954566001892] 1
75_1 [3.5564959049224854, -1.0928947925567627, -3.218277931213379] 0
HY39_2 [2.9311118125915527, -2.374624013900757, -1.0039482116699219] 0
71_5 [-3.731466770172119, 0.5700876712799072, 2.004943370819092] 1
87_1 [1.2886697053909302, -0.9467287063598633, -0.32440629601478577] 2
22_3 [-1.666589617729187, 1.510980486869812, -0.5825160145759583] 1
32_0 [0.794948399066925, 2.2451932430267334, -4.559431552886963] 0
HY10_2 [-0.40845683217048645, 1.5749080181121826, -1.6057871580123901] 0
HY28_0 [5.482204914093018, -1.1454139947891235, -4.844851493835449] 0
52_5 [-2.989044427871704, 0.2605751156806946, 1.888668179512024] 1
76_0 [-2.582855463027954, 4.842062950134277, -4.336276531219482] 1
75_5 [1.6840121746063232, -0.09163834154605865, -1.9243258237838745] 0
32_4 [1.435369849205017, 2.1953914165496826, -5.304876804351807] 0
69_1 [-7.012319087982178, 0.04124914109706879, 5.769458770751953] 2
52_0 [-3.0700559616088867, -0.0074525196105241776, 2.2662220001220703] 1
HY39_3 [1.9555500745773315, -1.8397822380065918, -0.7716943025588989] 0
HY28_4 [4.695845603942871, -0.5426007509231567, -4.7136759757995605] 0
76_3 [-2.2709717750549316, 2.147312879562378, -1.6989965438842773] 1
75_0 [2.7687699794769287, -1.4248015880584717, -2.513413667678833] 0
7_2 [-4.629830837249756, 1.7411657571792603, 1.7339633703231812] 1
7_5 [-6.320851802825928, 2.8714988231658936, 1.962695837020874] 1
64_0 [-9.338847160339355, 2.06817889213562, 5.734159469604492] 2
22_2 [-2.063622236251831, 0.8030369877815247, 1.0866738557815552] 1
76_2 [-3.3634045124053955, 4.306692600250244, -3.0076301097869873] 1
52_1 [-3.387633800506592, 0.008705396205186844, 2.437154531478882] 1
76_4 [-3.741978645324707, 4.324404716491699, -2.554429769515991] 1
HY10_5 [1.9544395208358765, -0.9705651998519897, -1.7181062698364258] 0
75_2 [4.1038126945495605, -1.2578883171081543, -4.462472438812256] 0
HY28_1 [3.1047616004943848, -0.03148408979177475, -4.19427490234375] 0
39_1 [3.2824978828430176, -3.705322265625, -1.1234675645828247] 2
HY29_5 [1.4443511962890625, 1.176550030708313, -4.086243152618408] 0
22_1 [-2.222018241882324, 1.9871176481246948, -0.15854227542877197] 1
64_2 [-8.570554733276367, 1.9732825756072998, 5.543342113494873] 2
87_3 [1.410251498222351, -1.0042192935943604, -0.18112635612487793] 2
HY10_3 [2.0879132747650146, -0.9315615892410278, -2.0636627674102783] 0
7_4 [-4.137416362762451, 1.6179016828536987, 1.3638869524002075] 1
75_4 [2.8191628456115723, -1.117203950881958, -3.1039834022521973] 0
HY39_0 [3.6711597442626953, -3.10807204246521, -0.9803942441940308] 0
64_4 [-8.78383731842041, 2.035860061645508, 5.6609649658203125] 2
22_0 [-4.543759822845459, 2.174531936645508, 1.5987547636032104] 1
HY32_3 [2.3006160259246826, -2.611011505126953, -0.4944128692150116] 0
14_1 [-0.13078686594963074, -0.09072470664978027, -1.7806248664855957] 2
HY10_4 [0.4342704117298126, 1.1781235933303833, -2.112799644470215] 0
39_5 [2.212440252304077, -2.675185441970825, -0.47649508714675903] 2
6_3 [1.155612826347351, 0.5537054538726807, -3.3348379135131836] 1
71_1 [-5.1667327880859375, 1.3942238092422485, 2.604032516479492] 1
HY39_4 [2.890308141708374, -1.3645174503326416, -2.0076396465301514] 0
22_4 [-3.1792526245117188, 1.2635422945022583, 1.4049679040908813] 1
71_3 [-5.084489822387695, 1.0882198810577393, 2.8685200214385986] 1
87_5 [1.4476373195648193, -0.6512895226478577, -0.6821265816688538] 2
39_2 [-1.1128989458084106, -1.9552485942840576, 2.0327816009521484] 2
HY32_0 [-1.409186840057373, -1.0250139236450195, 1.4305291175842285] 0
HY28_3 [2.810009002685547, -0.46855488419532776, -3.4304471015930176] 0
6_4 [-1.8170080184936523, -0.7103059887886047, 1.7828755378723145] 1
63_2 [-2.7079885005950928, -2.693898916244507, 5.574019908905029] 2
HY39_1 [1.4922776222229004, -2.035111665725708, -0.029202820733189583] 0
76_5 [-2.667705535888672, 1.9930411577224731, -1.0766913890838623] 1
52_2 [-3.1318840980529785, 0.5275156497955322, 2.1211659908294678] 1
10_1 [-2.2097723484039307, -3.216555118560791, 5.214145183563232] 2
6_0 [-0.7987043261528015, 0.025928014889359474, -0.21445971727371216] 1
6_2 [-1.543388843536377, -0.647854745388031, 1.4305269718170166] 1
HY29_4 [0.32582107186317444, 1.8510724306106567, -3.2586774826049805] 0
HY28_5 [2.664163589477539, -0.4736839234828949, -3.264838218688965] 0
87_2 [-1.001617431640625, -1.6711039543151855, 1.366950511932373] 2
HY10_1 [1.7313733100891113, -1.1183571815490723, -1.2560229301452637] 0
39_3 [2.707798719406128, -3.516350030899048, -0.18697352707386017] 2
64_3 [-12.381609916687012, 0.727138340473175, 9.797995567321777] 2
HY32_1 [1.965036392211914, -2.826843738555908, 0.03650355339050293] 0
32_5 [0.8678147196769714, 1.7433714866638184, -4.206888675689697] 0
87_4 [-0.4049649238586426, -1.8111554384231567, 0.8161911964416504] 2
63_1 [-3.2123143672943115, -2.089068651199341, 4.700647830963135] 2
7_3 [-5.684376239776611, 1.8258705139160156, 2.4397451877593994] 1
39_0 [-0.702241063117981, -2.7480034828186035, 2.2851123809814453] 2
69_3 [-10.122859954833984, -0.10871800780296326, 8.46764087677002] 2
HY29_1 [1.8891204595565796, 0.8619778752326965, -4.03188419342041] 0
71_0 [-3.927550792694092, 1.3361461162567139, 1.5125372409820557] 1
6_1 [0.8945382237434387, 0.7419610023498535, -3.3545641899108887] 1
HY29_3 [1.8417620658874512, 0.5032840967178345, -3.584244966506958] 0
87_0 [-0.3070460259914398, -1.8060307502746582, 0.6412751078605652] 2
63_3 [-3.320866346359253, -1.943692922592163, 4.6209235191345215] 2
10_5 [0.3253098428249359, -1.641471266746521, 0.7237755656242371] 2
22_5 [-2.0333974361419678, 1.9587211608886719, -0.24479623138904572] 1
64_1 [-12.890398025512695, 1.504799723625183, 9.386919021606445] 2
HY32_4 [0.16076210141181946, -1.6044188737869263, 0.6321239471435547] 0
HY32_2 [0.3730384409427643, -1.0705798864364624, -0.1105542704463005] 0
32_3 [1.0398883819580078, 1.8488712310791016, -4.519206523895264] 0
63_4 [-3.4976117610931396, -1.3507835865020752, 4.701335906982422] 2
63_5 [-2.9196767807006836, -2.4724974632263184, 4.949076175689697] 2
10_0 [-1.747247576713562, -2.716916561126709, 3.2366087436676025] 2
HY28_2 [4.2268171310424805, -0.12815634906291962, -4.784183502197266] 0
76_1 [-2.292126178741455, 2.504117488861084, -2.1041531562805176] 1
69_4 [-11.862558364868164, 2.4714086055755615, 6.881493091583252] 2
10_4 [-3.9211792945861816, -2.1781675815582275, 5.041523456573486] 2
69_0 [-11.95850658416748, 1.1947523355484009, 8.690840721130371] 2
